# Created with Anim8or 0.97d beta
# Object "shed1":

mtllib shed1.mtl

# Shape "mesh02":
g mesh02
# No. points 167:
v -5.05049 0 -1.84087
v -5.05049 3.84269 -1.84269
v -5.05049 3.84269 0
v -5.05049 0 0
v -5.05049 0 1.84082
v -5.05049 3.84269 1.84268
v -5.12363 0 -2.00003
v -4.99978 0 -2.00003
v -4.99978 4 -2.00001
v -5.12363 4 -2.00001
v -5.12363 0 1.99997
v -5.12363 4 1.99999
v -4.99978 4 1.99999
v -4.99978 0 1.99997
v -5.12363 3.84269 -1.8427
v -5.12362 0 -1.84087
v -5.12363 3.84269 1.84268
v -5.12362 0 1.84082
v -5 0 -3
v -5 0 3
v -4.99046 4.00476 -3.0014
v -4.99046 4.00476 3.00136
v 5 0 -3
v 5 0 3
v 4.99057 4.00476 -3.0014
v 4.99057 4.00476 3.00135
v -4.99042 5.97621 -0.00004
v 4.99061 5.97621 -0.00004
v -4.26013 3.33119 3.12351
v -2.30635 3.33978 3.12354
v -3.99272 3.14989 3.1236
v -2.57282 3.15961 3.12354
v -4.26013 1.46769 3.12353
v -2.30635 1.47628 3.12356
v -3.99272 1.65095 3.12362
v -2.57282 1.66067 3.12356
v -3.99271 3.14989 3.05047
v -2.57282 3.15961 3.05041
v -2.57282 1.66067 3.05043
v -3.99271 1.65095 3.05049
v -2.30635 3.33978 2.99969
v -4.26013 3.33119 2.99966
v -4.26013 1.46769 2.99968
v -2.30635 1.47628 2.99971
v -1.9963 3.14585 3.74563
v -2.56908 3.14585 3.12275
v -2.64114 3.14585 3.18901
v -2.06837 3.14585 3.8119
v -1.9963 1.69086 3.74565
v -2.06836 1.69086 3.81191
v -2.64113 1.69086 3.18903
v -2.56907 1.69086 3.12276
v -3.91949 3.13375 3.18901
v -3.99155 3.13375 3.12274
v -4.56432 3.13375 3.74563
v -4.49226 3.13375 3.8119
v -3.9195 1.67875 3.18902
v -4.49227 1.67875 3.81191
v -4.56433 1.67875 3.74565
v -3.99156 1.67875 3.12276
v -4.26013 3.33119 -3.12341
v -2.30635 3.33978 -3.12344
v -3.99272 3.14989 -3.1235
v -2.57282 3.15961 -3.12344
v -4.26013 1.46769 -3.12343
v -2.30635 1.47628 -3.12346
v -3.99272 1.65095 -3.12352
v -2.57282 1.66067 -3.12346
v -3.99271 3.14989 -3.05037
v -2.57282 3.15961 -3.05031
v -2.57282 1.66067 -3.05032
v -3.99271 1.65095 -3.05039
v -2.30635 3.33978 -2.99959
v -4.26013 3.33119 -2.99956
v -4.26013 1.46769 -2.99958
v -2.30635 1.47628 -2.99961
v -1.9963 3.14585 -3.74553
v -2.56908 3.14585 -3.12265
v -2.64114 3.14585 -3.18891
v -2.06837 3.14585 -3.8118
v -1.9963 1.69086 -3.74555
v -2.06836 1.69086 -3.81181
v -2.64113 1.69086 -3.18893
v -2.56907 1.69086 -3.12266
v -3.91949 3.13375 -3.18891
v -3.99155 3.13375 -3.12264
v -4.49226 3.13375 -3.8118
v -3.9195 1.67875 -3.18892
v -4.49227 1.67875 -3.81181
v -4.56433 1.67875 -3.74555
v -3.99156 1.67875 -3.12266
v 2.37563 3.33119 3.12356
v 4.3294 3.33978 3.12359
v 2.64304 3.14989 3.12366
v 4.06293 3.15961 3.12359
v 2.37562 1.46769 3.12359
v 4.3294 1.47628 3.12361
v 2.64304 1.65095 3.12368
v 4.06293 1.66067 3.12361
v 2.64304 3.14989 3.05052
v 4.06293 3.15961 3.05046
v 4.06293 1.66067 3.05048
v 2.64304 1.65095 3.05054
v 4.3294 3.33978 2.99974
v 2.37563 3.33119 2.99972
v 2.37562 1.46769 2.99974
v 4.3294 1.47628 2.99977
v 4.63945 3.14585 3.74569
v 4.06667 3.14585 3.1228
v 3.99461 3.14585 3.18906
v 4.56739 3.14585 3.81195
v 4.63946 1.69086 3.7457
v 4.5674 1.69086 3.81196
v 3.99462 1.69086 3.18908
v 4.06668 1.69086 3.12281
v 2.71627 3.13375 3.18906
v 2.64421 3.13375 3.1228
v 2.07143 3.13375 3.74569
v 2.14349 3.13375 3.81195
v 2.71626 1.67875 3.18908
v 2.14348 1.67875 3.81196
v 2.07142 1.67875 3.7457
v 2.6442 1.67875 3.12281
v 2.37563 3.33119 -3.12336
v 4.3294 3.33978 -3.12339
v 2.64304 3.14989 -3.12345
v 4.06293 3.15961 -3.12339
v 2.37562 1.46769 -3.12338
v 4.3294 1.47628 -3.1234
v 2.64304 1.65095 -3.12347
v 4.06293 1.66067 -3.1234
v 2.64304 3.14989 -3.05032
v 4.06293 3.15961 -3.05025
v 4.06293 1.66067 -3.05027
v 2.64304 1.65095 -3.05034
v 4.3294 3.33978 -2.99954
v 2.37563 3.33119 -2.99951
v 2.37562 1.46769 -2.99953
v 4.3294 1.47628 -2.99956
v 4.63945 3.14585 -3.74548
v 4.06667 3.14585 -3.12259
v 3.99461 3.14585 -3.18886
v 4.56739 3.14585 -3.81174
v 4.63946 1.69086 -3.74549
v 4.5674 1.69086 -3.81176
v 3.99462 1.69086 -3.18887
v 4.06668 1.69086 -3.12261
v 2.71627 3.13375 -3.18885
v 2.64421 3.13375 -3.12259
v 2.07143 3.13375 -3.74548
v 2.14349 3.13375 -3.81174
v 2.71626 1.67875 -3.18887
v 2.14348 1.67875 -3.81176
v 2.07142 1.67875 -3.74549
v 2.6442 1.67875 -3.12261
v -5.17965 3.92932 -3.10222
v -5.17969 4.10723 -3.22879
v -5.17969 6.21574 0.00002
v -5.17961 5.97551 -0.00002
v 5.17975 3.92932 -3.10222
v 5.17971 4.10723 -3.22879
v 5.1798 5.97551 -0.00002
v 5.17972 6.21574 0.00002
v 5.17975 3.92932 3.10217
v 5.17971 4.10723 3.22881
v -5.17965 3.92932 3.10218
v -5.17969 4.10723 3.22882

# No. normals 609:
vn -1 0 0
vn -1 0 0
vn 0 0.00001 -1
vn 0 -0.00001 1
vn 0 0.00047 1
vn 0 0.00048 -1
vn 0 1 0
vn 0 -1 0
vn -1 0 0.00006
vn -1 0 -0.00006
vn -1 0 0
vn 0 -0.00035 -1
vn 0 -0.00034 1
vn -1 0.00002 0
vn -0.999997 0.00238 0
vn 1 -0.00002 0
vn 0.999997 0.00236 0
vn 0.00004 0.00055 1
vn 0.00004 0.00006 1
vn -0.00001 0.00001 1
vn -0.00033 0.00001 1
vn 0.00685 -0.999977 0
vn -0.00685 0.999977 0
vn -0.00440 0.99999 0
vn 0.00440 -0.99999 0
vn -1 0 0
vn 1 0 0.00013
vn 1 0 0
vn -1 0 0
vn 0 1 0
vn 0 -1 0
vn 0.73610 0 -0.67687
vn -0.73610 0 0.67687
vn 0.67686 0.00001 0.73611
vn -0.67692 -0.00001 -0.73606
vn 0 1 0
vn 0 -1 0
vn -0.73610 0 -0.67687
vn 0.73610 0 0.67687
vn -0.67692 0.00001 0.73606
vn 0.67692 -0.00001 -0.73606
vn -0.00002 0.00002 -1
vn 0.00004 0.00006 -1
vn -0.00001 0.00001 -1
vn -0.00033 0.00001 -1
vn 0.00685 -0.999977 0
vn -0.00685 0.999977 0
vn -0.00440 0.99999 0
vn 0.00440 -0.99999 0
vn -1 0 0
vn 1 0 -0.00013
vn 1 0 0
vn -1 0 0
vn 0 1 0
vn 0 -1 0
vn 0.73610 0 0.67687
vn -0.73610 0 -0.67687
vn 0.67687 0.00001 -0.73611
vn -0.67686 -0.00001 0.73611
vn 0 1 0
vn 0 -1 0
vn -0.73444 0.06713 0.67534
vn 0.73610 0 -0.67687
vn -0.67686 0.00001 -0.73611
vn 0.67686 -0.00001 0.73611
vn 0.00005 0.00062 1
vn 0.00005 0.00007 1
vn -0.00001 0.00001 1
vn -0.00037 0.00001 1
vn 0.00685 -0.999977 0
vn -0.00685 0.999977 0
vn -0.00440 0.99999 0
vn 0.00440 -0.99999 0
vn -1 0 0
vn 1 0 0
vn 1 0 0
vn -1 0.00001 0
vn 0 1 0
vn 0 -1 0
vn 0.73610 0 -0.67688
vn -0.73610 0 0.67688
vn 0.67686 0.00001 0.73611
vn -0.67692 -0.00001 -0.73606
vn 0 1 0
vn 0 -1 0
vn -0.73610 0 -0.67688
vn 0.73610 0 0.67688
vn -0.67686 0.00001 0.73611
vn 0.67686 -0.00001 -0.73611
vn -0.00002 0.00002 -1
vn 0.00005 0.00007 -1
vn 0 0.00001 -1
vn -0.00033 0.00001 -1
vn 0.00685 -0.999977 0
vn -0.00685 0.999977 0
vn -0.00440 0.99999 0
vn 0.00440 -0.99999 0
vn -1 0 0
vn 1 0 0
vn 1 0 0
vn -1 0.00001 0
vn 0 1 0
vn 0 -1 0
vn 0.73609 0 0.67688
vn -0.73609 0 -0.67688
vn 0.67686 0.00001 -0.73611
vn -0.67692 -0.00001 0.73606
vn 0 1 0
vn 0 -1 0
vn -0.73609 0 0.67688
vn 0.73610 0 -0.67688
vn -0.67692 0.00001 -0.73606
vn 0.67686 -0.00001 0.73611
vn -1 -0.00016 0.00010
vn 1 0.00016 -0.00011
vn 1 0.00016 0.00011
vn -1 -0.00016 -0.00010
vn 0 -0.57970 -0.81483
vn 0 -0.57989 0.81469
vn 0 0.83728 -0.54677
vn 0 0.83728 0.54677
vn 0.00313 -0.83581 0.54901
vn 0 -0.80068 0.59910
vn -0.00313 -0.83581 0.54901
vn -0.00305 -0.83581 -0.54900
vn 0 -0.80069 -0.59907
vn 0.00305 -0.83582 -0.54900
vn -1 0 0
vn 0 0.00047 1
vn -1 0 0
vn 0 -1 0
vn 0 0.00047 1
vn -1 0 0
vn -1 0 0
vn -1 0 0
vn 0 0.00048 -1
vn -1 0 0
vn 0 -1 0
vn 0 0.00048 -1
vn 0 0.00001 -1
vn -1 0 0.00006
vn 0 0.00001 -1
vn 0 0.00001 -1
vn 0 1 0
vn 0 0.00001 -1
vn -1 0 0.00003
vn 0 1 0
vn 0 -0.00001 1
vn -1 0 -0.00006
vn 0 -0.00001 1
vn -1 0 -0.00003
vn 0 1 0
vn 0 -0.00001 1
vn 0 1 0
vn 0 -0.00001 1
vn 0 0.00047 1
vn -1 0 0.00003
vn 0 -1 0
vn 0 0.00047 1
vn -1 0 0.00006
vn 0 0.00048 -1
vn -1 0 -0.00003
vn 0 -1 0
vn 0 0.00048 -1
vn -1 0 -0.00006
vn 0 -0.00035 -1
vn -0.999997 0.00238 0
vn 0 -0.00034 1
vn -0.999997 0.00238 0
vn 0 -0.00035 -1
vn 0 -0.80068 0.59910
vn 0.00313 -0.83581 0.54901
vn -0.999997 0.00238 0
vn -1 0.00002 0
vn 0 -0.00034 1
vn 0.00305 -0.83582 -0.54900
vn 0 -0.80069 -0.59907
vn -0.999997 0.00238 0
vn -1 0.00002 0
vn 0 -0.00035 -1
vn 0.999997 0.00236 0
vn 0 -0.00034 1
vn 0.999997 0.00236 0
vn 0 -0.00035 -1
vn -0.00313 -0.83581 0.54901
vn 0 -0.80068 0.59910
vn 0.999997 0.00236 0
vn 1 -0.00002 0
vn 0 -0.00034 1
vn 0 -0.80069 -0.59907
vn -0.00305 -0.83581 -0.54900
vn 0.999997 0.00236 0
vn 1 -0.00002 0
vn -1 0.00002 0
vn 0.00305 -0.83582 -0.54900
vn 0.00313 -0.83581 0.54901
vn 1 -0.00002 0
vn -0.00305 -0.83581 -0.54900
vn -0.00313 -0.83581 0.54901
vn 0.00004 0.00055 1
vn -1 0 0
vn -0.00440 0.99999 0
vn -0.00033 0.00001 1
vn 0.00004 0.00055 1
vn 1 0 0
vn -0.00440 0.99999 0
vn -0.00001 0.00001 1
vn 0.00004 0.00055 1
vn 1 0 0.00013
vn 0.00685 -0.999977 0
vn -0.00033 0.00001 1
vn 0.00004 0.00055 1
vn -1 0 0
vn 0.00685 -0.999977 0
vn -0.00001 0.00001 1
vn 0.00004 0.00006 1
vn -1 0 0
vn 0.00440 -0.99999 0
vn -0.00033 0.00001 1
vn 0.00002 0.00004 1
vn 1 0 0
vn 0.00440 -0.99999 0
vn 0.00004 0.00006 1
vn 1 0 0.00013
vn -0.00685 0.999977 0
vn -0.00033 0.00001 1
vn 0.00002 0.00004 1
vn -1 0 0
vn -0.00685 0.999977 0
vn 0.00685 -0.999977 0
vn 1 0 0.00013
vn 0.00685 -0.999977 0
vn -1 0 0
vn -0.00685 0.999977 0
vn -1 0 0
vn -0.00685 0.999977 0
vn 1 0 0.00013
vn -0.00440 0.99999 0
vn 1 0 0
vn -0.00440 0.99999 0
vn -1 0 0
vn 0.00440 -0.99999 0
vn -1 0 0
vn 0.00440 -0.99999 0
vn 1 0 0
vn 0 1 0
vn 0.67686 0.00001 0.73611
vn 0.73610 0 -0.67687
vn 0 1 0
vn -0.67692 -0.00001 -0.73606
vn 0.73610 0 -0.67687
vn 0 1 0
vn -0.67692 -0.00001 -0.73606
vn -0.73610 0 0.67687
vn 0 1 0
vn 0.67686 0.00001 0.73611
vn -0.73610 0 0.67687
vn 0 -1 0
vn 0.67686 0.00001 0.73611
vn 0.73610 0 -0.67687
vn 0 -1 0
vn 0.67686 0.00001 0.73611
vn -0.73610 0 0.67687
vn 0 -1 0
vn -0.67692 -0.00001 -0.73606
vn -0.73610 0 0.67687
vn 0 -1 0
vn -0.67692 -0.00001 -0.73606
vn 0.73610 0 -0.67687
vn 0 1 0
vn 0.67692 -0.00001 -0.73606
vn 0.73610 0 0.67687
vn 0 1 0
vn 0.67692 -0.00001 -0.73606
vn -0.73610 0 -0.67687
vn 0 1 0
vn -0.67692 0.00001 0.73606
vn -0.73610 0 -0.67687
vn 0 1 0
vn -0.67692 0.00001 0.73606
vn 0.73610 0 0.67687
vn 0 -1 0
vn 0.67692 -0.00001 -0.73606
vn 0.73610 0 0.67687
vn 0 -1 0
vn -0.67692 0.00001 0.73606
vn 0.73610 0 0.67687
vn 0 -1 0
vn -0.67692 0.00001 0.73606
vn -0.73610 0 -0.67687
vn 0 -1 0
vn 0.67692 -0.00001 -0.73606
vn -0.73610 0 -0.67687
vn -0.00002 0.00002 -1
vn -1 0 0
vn -0.00440 0.99999 0
vn -0.00033 0.00001 -1
vn -0.00001 0.00002 -1
vn 1 0 0
vn -0.00440 0.99999 0
vn -0.00002 0.00002 -1
vn 1 0 -0.00013
vn 0.00685 -0.999977 0
vn -0.00033 0.00001 -1
vn -0.00001 0.00002 -1
vn -1 0 0
vn 0.00685 -0.999977 0
vn 0.00004 0.00006 -1
vn -1 0 0
vn 0.00440 -0.99999 0
vn -0.00033 0.00001 -1
vn 0.00002 0.00004 -1
vn 1 0 0
vn 0.00440 -0.99999 0
vn 0.00004 0.00006 -1
vn 1 0 -0.00013
vn -0.00685 0.999977 0
vn -0.00033 0.00001 -1
vn 0.00002 0.00004 -1
vn -1 0 0
vn -0.00685 0.999977 0
vn 0.00685 -0.999977 0
vn 1 0 -0.00013
vn 0.00685 -0.999977 0
vn -1 0 0
vn -0.00685 0.999977 0
vn -1 0 0
vn -0.00685 0.999977 0
vn 1 0 -0.00013
vn -0.00440 0.99999 0
vn 1 0 0
vn -0.00440 0.99999 0
vn -1 0 0
vn 0.00440 -0.99999 0
vn -1 0 0
vn 0.00440 -0.99999 0
vn 1 0 0
vn 0 1 0
vn 0.67687 0.00001 -0.73611
vn 0.73610 0 0.67687
vn 0 1 0
vn -0.67686 -0.00001 0.73611
vn 0.73610 0 0.67687
vn 0 1 0
vn -0.67686 -0.00001 0.73611
vn -0.73610 0 -0.67687
vn 0 1 0
vn 0.67687 0.00001 -0.73611
vn -0.73610 0 -0.67687
vn 0 -1 0
vn 0.67687 0.00001 -0.73611
vn 0.73610 0 0.67687
vn 0 -1 0
vn 0.67687 0.00001 -0.73611
vn -0.73610 0 -0.67687
vn 0 -1 0
vn -0.67686 -0.00001 0.73611
vn -0.73610 0 -0.67687
vn 0 -1 0
vn -0.67686 -0.00001 0.73611
vn 0.73610 0 0.67687
vn 0 1 0
vn 0.67686 -0.00001 0.73611
vn 0.73610 0 -0.67687
vn 0 1 0
vn 0.67686 -0.00001 0.73611
vn -0.73444 0.06713 0.67534
vn 0 1 0
vn -0.67686 0.00001 -0.73611
vn 0.73610 0 -0.67687
vn -0.73444 0.06713 0.67534
vn 0 -1 0
vn 0.67686 -0.00001 0.73611
vn 0.73610 0 -0.67687
vn 0 -1 0
vn -0.67686 0.00001 -0.73611
vn 0.73610 0 -0.67687
vn 0 -1 0
vn -0.67686 0.00001 -0.73611
vn -0.73444 0.06713 0.67534
vn 0 -1 0
vn 0.67686 -0.00001 0.73611
vn -0.73444 0.06713 0.67534
vn 0.00005 0.00062 1
vn -1 0.00001 0
vn -0.00440 0.99999 0
vn -0.00037 0.00001 1
vn 0.00005 0.00062 1
vn 1 0 0
vn -0.00440 0.99999 0
vn -0.00001 0.00001 1
vn 0.00005 0.00062 1
vn 1 0 0
vn 0.00685 -0.999977 0
vn -0.00037 0.00001 1
vn 0.00005 0.00062 1
vn -1 0 0
vn 0.00685 -0.999977 0
vn -0.00001 0.00001 1
vn 0.00005 0.00007 1
vn -1 0.00001 0
vn 0.00440 -0.99999 0
vn -0.00037 0.00001 1
vn 0.00002 0.00004 1
vn 1 0 0
vn 0.00440 -0.99999 0
vn 0.00005 0.00007 1
vn 1 0 0
vn -0.00685 0.999977 0
vn -0.00037 0.00001 1
vn 0.00002 0.00004 1
vn -1 0 0
vn -0.00685 0.999977 0
vn 0.00685 -0.999977 0
vn 1 0 0
vn 0.00685 -0.999977 0
vn -1 0 0
vn -0.00685 0.999977 0
vn -1 0 0
vn -0.00685 0.999977 0
vn 1 0 0
vn -0.00440 0.99999 0
vn 1 0 0
vn -0.00440 0.99999 0
vn -1 0.00001 0
vn 0.00440 -0.99999 0
vn -1 0.00001 0
vn 0.00440 -0.99999 0
vn 1 0 0
vn 0 1 0
vn 0.67686 0.00001 0.73611
vn 0.73610 0 -0.67688
vn 0 1 0
vn -0.67692 -0.00001 -0.73606
vn 0.73610 0 -0.67688
vn 0 1 0
vn -0.67692 -0.00001 -0.73606
vn -0.73610 0 0.67688
vn 0 1 0
vn 0.67686 0.00001 0.73611
vn -0.73610 0 0.67688
vn 0 -1 0
vn 0.67686 0.00001 0.73611
vn 0.73610 0 -0.67688
vn 0 -1 0
vn 0.67686 0.00001 0.73611
vn -0.73610 0 0.67688
vn 0 -1 0
vn -0.67692 -0.00001 -0.73606
vn -0.73610 0 0.67688
vn 0 -1 0
vn -0.67692 -0.00001 -0.73606
vn 0.73610 0 -0.67688
vn 0 1 0
vn 0.67686 -0.00001 -0.73611
vn 0.73610 0 0.67688
vn 0 1 0
vn 0.67686 -0.00001 -0.73611
vn -0.73610 0 -0.67688
vn 0 1 0
vn -0.67686 0.00001 0.73611
vn -0.73610 0 -0.67688
vn 0 1 0
vn -0.67686 0.00001 0.73611
vn 0.73610 0 0.67688
vn 0 -1 0
vn 0.67686 -0.00001 -0.73611
vn 0.73610 0 0.67688
vn 0 -1 0
vn -0.67686 0.00001 0.73611
vn 0.73610 0 0.67688
vn 0 -1 0
vn -0.67686 0.00001 0.73611
vn -0.73610 0 -0.67688
vn 0 -1 0
vn 0.67686 -0.00001 -0.73611
vn -0.73610 0 -0.67688
vn -0.00002 0.00002 -1
vn -1 0.00001 0
vn -0.00440 0.99999 0
vn -0.00033 0.00001 -1
vn -0.00001 0.00001 -1
vn 1 0 0
vn -0.00440 0.99999 0
vn -0.00002 0.00002 -1
vn 1 0 0
vn 0.00685 -0.999977 0
vn -0.00033 0.00001 -1
vn -0.00001 0.00001 -1
vn -1 0 0
vn 0.00685 -0.999977 0
vn 0.00005 0.00007 -1
vn -1 0.00001 0
vn 0.00440 -0.99999 0
vn -0.00033 0.00001 -1
vn 0.00002 0.00004 -1
vn 1 0 0
vn 0.00440 -0.99999 0
vn 0.00005 0.00007 -1
vn 1 0 0
vn -0.00685 0.999977 0
vn -0.00033 0.00001 -1
vn 0.00002 0.00004 -1
vn -1 0 0
vn -0.00685 0.999977 0
vn 0.00685 -0.999977 0
vn 1 0 0
vn 0.00685 -0.999977 0
vn -1 0 0
vn -0.00685 0.999977 0
vn -1 0 0
vn -0.00685 0.999977 0
vn 1 0 0
vn -0.00440 0.99999 0
vn 1 0 0
vn -0.00440 0.99999 0
vn -1 0.00001 0
vn 0.00440 -0.99999 0
vn -1 0.00001 0
vn 0.00440 -0.99999 0
vn 1 0 0
vn 0 1 0
vn 0.67686 0.00001 -0.73611
vn 0.73609 0 0.67688
vn 0 1 0
vn -0.67692 -0.00001 0.73606
vn 0.73609 0 0.67688
vn 0 1 0
vn -0.67692 -0.00001 0.73606
vn -0.73609 0 -0.67688
vn 0 1 0
vn 0.67686 0.00001 -0.73611
vn -0.73609 0 -0.67688
vn 0 -1 0
vn 0.67686 0.00001 -0.73611
vn 0.73609 0 0.67688
vn 0 -1 0
vn 0.67686 0.00001 -0.73611
vn -0.73609 0 -0.67688
vn 0 -1 0
vn -0.67692 -0.00001 0.73606
vn -0.73609 0 -0.67688
vn 0 -1 0
vn -0.67692 -0.00001 0.73606
vn 0.73609 0 0.67688
vn 0 1 0
vn 0.67686 -0.00001 0.73611
vn 0.73610 0 -0.67688
vn 0 1 0
vn 0.67686 -0.00001 0.73611
vn -0.73609 0 0.67688
vn 0 1 0
vn -0.67692 0.00001 -0.73606
vn -0.73609 0 0.67688
vn 0 1 0
vn -0.67692 0.00001 -0.73606
vn 0.73610 0 -0.67688
vn 0 -1 0
vn 0.67686 -0.00001 0.73611
vn 0.73610 0 -0.67688
vn 0 -1 0
vn -0.67692 0.00001 -0.73606
vn 0.73610 0 -0.67688
vn 0 -1 0
vn -0.67692 0.00001 -0.73606
vn -0.73609 0 0.67688
vn 0 -1 0
vn 0.67686 -0.00001 0.73611
vn -0.73609 0 0.67688
vn -1 -0.00016 0.00010
vn 0 -0.80068 0.59910
vn 0.00313 -0.83581 0.54901
vn 0 -0.57970 -0.81483
vn -1 -0.00016 0.00010
vn 0 0.83728 -0.54677
vn 0 -0.57970 -0.81483
vn -1 -0.00016 0
vn 0 0.83728 0.54677
vn 0 0.83728 -0.54677
vn -1 -0.00016 0
vn 0.00305 -0.83582 -0.54900
vn 0.00313 -0.83581 0.54901
vn 1 0.00016 -0.00011
vn -0.00313 -0.83581 0.54901
vn 0 -0.80068 0.59910
vn 0 -0.57970 -0.81483
vn 1 0.00016 -0.00011
vn 0 0.83728 -0.54677
vn 0 -0.57970 -0.81483
vn 1 0.00016 0
vn -0.00305 -0.83581 -0.54900
vn -0.00313 -0.83581 0.54901
vn 1 0.00016 0
vn 0 0.83728 0.54677
vn 0 0.83728 -0.54677
vn 1 0.00016 0.00011
vn 0 -0.80069 -0.59907
vn -0.00305 -0.83581 -0.54900
vn 0 -0.57989 0.81469
vn 1 0.00016 0.00011
vn 0 0.83728 0.54677
vn 0 -0.57989 0.81469
vn -1 -0.00016 -0.00010
vn 0.00305 -0.83582 -0.54900
vn 0 -0.80069 -0.59907
vn 0 -0.57989 0.81469
vn -1 -0.00016 -0.00010
vn 0 0.83728 0.54677
vn 0 -0.57989 0.81469

# No. texture coordinates 130:
vt 0.50304 0.29997
vt 0.99483 0.12429
vt 0.50304 0.12429
vt 0.99483 0.30015
vt 0.50139 0.10449
vt 0.99679 0.10449
vt 0.99679 0.12082
vt 0.50139 0.12082
vt 0.50183 0.10136
vt 0.99631 0.10136
vt 0.99631 0.09168
vt 0.50183 0.09168
vt 0.48052 0.04568
vt 0.48052 0.03026
vt 0.99773 0.03026
vt 0.99773 0.04568
vt 0.99768 0.07193
vt 0.99768 0.06133
vt 0.50550 0.06133
vt 0.50550 0.07193
vt 0.49974 0.07319
vt 0.49974 0.09116
vt 0.97498 0.09095
vt 0.99443 0.07319
vt 0.99445 0.09101
vt 0.97498 0.07326
vt 0.49974 0.07305
vt 0.49974 0.09101
vt 0.49473 0.07451
vt 0.51454 0.08993
vt 0.97874 0.08993
vt 0.99855 0.07451
vt 0.00354 0.00032
vt 0.49817 0.00032
vt 0.49817 0.64566
vt 0.00354 0.64566
vt 0.88978 0.29883
vt 0.49811 0.29883
vt 0.99082 0.47451
vt 0.88978 0.64909
vt 0.49811 0.64909
vt 0.99556 0.86365
vt 0.97145 0.86812
vt 0.99863 0.87541
vt 0.80834 0.88529
vt 0.81044 0.87754
vt 0.81044 0.88646
vt 0.81427 0.91989
vt 0.80414 0.91989
vt 0.81533 0.99336
vt 0.81354 0.91313
vt 0.83291 0.83825
vt 0.96879 0.67678
vt 0.96879 0.83802
vt 0.80614 0.65124
vt 0.83291 0.67701
vt 0.80807 0.89678
vt 0.99360 0.87754
vt 0.99337 0.87753
vt 0.81021 0.88646
vt 0.81807 0.90891
vt 0.81354 0.99316
vt 0.999602 0.91314
vt 0.99556 0.65098
vt 0.99863 0.86306
vt 0.80632 0.86306
vt 0.999866 0.89677
vt 0.80834 0.89677
vt 0.999595 0.88530
vt 0.81427 0.99455
vt 0.999844 0.89923
vt 0.999914 0.99336
vt 0.81533 0.96974
vt 0.80614 0.86391
vt 0.97145 0.87541
vt 0.83349 0.86813
vt 0.83349 0.87542
vt 0.80632 0.87541
vt 0.99863 0.86307
vt 0.999866 0.88529
vt 0.999595 0.89678
vt 0.80807 0.88530
vt 0.99360 0.88646
vt 0.81021 0.87753
vt 0.99337 0.88646
vt 0.80414 0.99455
vt 0.999602 0.99316
vt 0.999914 0.96974
vt 0.81807 0.89923
vt 0.999844 0.90891
vt 0.96517 0.46712
vt 0.50884 0.49286
vt 0.50852 0.46823
vt 0.95082 0.49016
vt 0.46440 0.40010
vt 0.00767 0.38196
vt 0.00781 0.40659
vt 0.44776 0.37850
vt 0.01852 0.65147
vt 0.48956 0.61722
vt 0.48956 0.65147
vt 0.01852 0.61722
vt -0.00059 0.64771
vt 0.80075 0.64771
vt 0.80074 0.99891
vt -0.00059 0.99891
vt 0.00245 0.64730
vt 0.80377 0.64730
vt 0.80377 0.99850
vt 0.00245 0.99850
vt 0.48271 0.62373
vt 0.49165 0.64917
vt 0.01104 0.62373
vt 0.00210 0.64917
vt 0.00210 0.37974
vt 0.01104 0.40518
vt 0.48271 0.40518
vt 0.49165 0.37974
vt 0.32592 0.38229
vt 0.32592 0.40697
vt 0.48272 0.40697
vt 0.48798 0.38228
vt 0.16385 0.38228
vt 0.16912 0.40697
vt 0.45506 0.43708
vt 0.44979 0.41240
vt 0.29300 0.41241
vt 0.29299 0.43709
vt 0.13620 0.41240
vt 0.13093 0.43708

# No. faces 127:

usemtl material01

f 3/2/133 2/4/130 1/1/128 4/3/134
f 3/2/133 4/3/134 5/1/135 6/4/137
f 10/7/145 9/6/143 8/5/142 7/8/140
f 14/5/155 13/6/153 12/7/150 11/8/148
f 16/9/159 1/12/129 2/11/132 15/10/156
f 18/9/164 17/10/161 6/11/139 5/12/136
f 12/13/152 13/14/154 9/15/144 10/16/147
f 15/17/158 2/18/131 6/19/138 17/20/163
f 7/21/141 16/22/160 15/23/157 10/24/146
f 12/25/151 17/26/162 18/27/165 11/28/149
f 10/29/146 15/30/157 17/31/162 12/32/151
f 21/35/170 25/34/184 23/33/180 19/36/166
f 24/33/182 26/34/189 22/35/175 20/36/168
f 22/40/179 27/39/194 21/37/174
f 21/37/173 19/38/167 20/41/169 22/40/178
f 25/37/188 28/39/197 26/40/193
f 26/40/192 24/41/183 23/38/181 25/37/187
f 29/74/200 31/52/208 32/54/212 30/42/204
f 33/55/216 34/64/220 36/53/227 35/56/223
f 36/53/227 34/64/220 30/42/207 32/54/215
f 33/55/219 35/56/226 31/52/211 29/74/203
f 31/77/210 37/76/230 38/43/232 32/75/214
f 35/77/225 36/75/229 39/43/234 40/76/236
f 30/44/206 41/65/238 42/66/240 29/78/202
f 34/44/222 33/78/218 43/66/242 44/79/244
f 39/80/235 36/67/228 32/68/213 38/45/233
f 35/81/224 40/69/237 37/82/231 31/57/209
f 34/83/221 44/58/245 41/46/239 30/47/205
f 43/59/243 33/85/217 29/60/201 42/84/241
f 48/48/255 45/49/246 46/86/249 47/70/252
f 52/86/267 49/49/258 50/48/261 51/70/264
f 45/63/248 49/51/260 52/62/269 46/87/251
f 51/62/266 50/51/263 48/63/257 47/87/254
f 50/72/262 49/88/259 45/73/247 48/50/256
f 46/89/250 52/71/268 51/90/265 47/61/253
f 56/48/279 53/70/270 54/86/273 55/49/276
f 60/86/291 57/70/282 58/48/285 59/49/288
f 55/63/278 54/87/275 60/62/293 59/51/290
f 57/62/284 53/87/272 56/63/281 58/51/287
f 58/72/286 56/50/280 55/73/277 59/88/289
f 54/89/274 53/61/271 57/90/283 60/71/292
f 61/74/294 62/42/298 64/54/305 63/52/301
f 65/55/308 67/56/315 68/53/319 66/64/312
f 68/53/319 64/54/305 62/42/298 66/64/312
f 65/55/311 61/74/297 63/52/304 67/56/318
f 63/77/303 64/75/307 70/43/324 69/76/322
f 67/77/317 72/76/328 71/43/326 68/75/321
f 62/44/300 61/78/296 74/66/332 73/65/330
f 66/44/314 76/79/336 75/66/334 65/78/310
f 71/80/327 70/45/325 64/68/306 68/67/320
f 67/81/316 63/57/302 69/82/323 72/69/329
f 66/83/313 62/47/299 73/46/331 76/58/337
f 75/59/335 74/84/333 61/60/295 65/85/309
f 80/48/347 79/70/344 78/86/341 77/49/338
f 84/86/359 83/70/356 82/48/353 81/49/350
f 77/63/340 78/87/343 84/62/361 81/51/352
f 83/62/358 79/87/346 80/63/349 82/51/355
f 82/72/354 80/50/348 77/73/339 81/88/351
f 78/89/342 79/61/345 83/90/357 84/71/360
f 87/49/368 86/86/365 85/70/362
f 91/86/381 90/49/378 89/48/375 88/70/372
f 87/63/371 90/51/380 91/62/383 86/87/367
f 88/62/374 89/51/377 87/63/370 85/87/364
f 89/88/376 90/73/379 87/50/369
f 86/89/366 91/71/382 88/90/373 85/61/363
f 92/74/384 94/52/392 95/54/396 93/42/388
f 96/55/400 97/64/404 99/53/411 98/56/407
f 99/53/411 97/64/404 93/42/391 95/54/399
f 96/55/403 98/56/410 94/52/395 92/74/387
f 94/77/394 100/76/414 101/43/416 95/75/398
f 98/77/409 99/75/413 102/43/418 103/76/420
f 93/44/390 104/65/422 105/66/424 92/78/386
f 97/44/406 96/78/402 106/66/426 107/79/428
f 102/80/419 99/67/412 95/68/397 101/45/417
f 98/81/408 103/69/421 100/82/415 94/57/393
f 97/83/405 107/58/429 104/46/423 93/47/389
f 106/59/427 96/85/401 92/60/385 105/84/425
f 111/48/439 108/49/430 109/86/433 110/70/436
f 115/86/451 112/49/442 113/48/445 114/70/448
f 108/63/432 112/51/444 115/62/453 109/87/435
f 114/62/450 113/51/447 111/63/441 110/87/438
f 113/72/446 112/88/443 108/73/431 111/50/440
f 109/89/434 115/71/452 114/90/449 110/61/437
f 119/48/463 116/70/454 117/86/457 118/49/460
f 123/86/475 120/70/466 121/48/469 122/49/472
f 118/63/462 117/87/459 123/62/477 122/51/474
f 120/62/468 116/87/456 119/63/465 121/51/471
f 121/72/470 119/50/464 118/73/461 122/88/473
f 117/89/458 116/61/455 120/90/467 123/71/476
f 124/74/478 125/42/482 127/54/489 126/52/485
f 128/55/492 130/56/499 131/53/503 129/64/496
f 131/53/503 127/54/489 125/42/482 129/64/496
f 128/55/495 124/74/481 126/52/488 130/56/502
f 126/77/487 127/75/491 133/43/508 132/76/506
f 130/77/501 135/76/512 134/43/510 131/75/505
f 125/44/484 124/78/480 137/66/516 136/65/514
f 129/44/498 139/79/520 138/66/518 128/78/494
f 134/80/511 133/45/509 127/68/490 131/67/504
f 130/81/500 126/57/486 132/82/507 135/69/513
f 129/83/497 125/47/483 136/46/515 139/58/521
f 138/59/519 137/84/517 124/60/479 128/85/493
f 143/48/531 142/70/528 141/86/525 140/49/522
f 147/86/543 146/70/540 145/48/537 144/49/534
f 140/63/524 141/87/527 147/62/545 144/51/536
f 146/62/542 142/87/530 143/63/533 145/51/539
f 145/72/538 143/50/532 140/73/523 144/88/535
f 141/89/526 142/61/529 146/90/541 147/71/544
f 151/48/555 150/49/552 149/86/549 148/70/546
f 155/86/567 154/49/564 153/48/561 152/70/558
f 150/63/554 154/51/566 155/62/569 149/87/551
f 152/62/560 153/51/563 151/63/557 148/87/548
f 153/72/562 154/88/565 150/73/553 151/50/556
f 149/89/550 155/71/568 152/90/559 148/61/547
f 159/94/580 158/91/577 157/93/574 156/92/570
f 160/92/583 161/93/587 163/91/593 162/94/590
f 162/98/590 163/95/593 165/97/600 164/96/596
f 166/96/603 167/97/607 158/95/577 159/98/580
f 156/102/573 157/99/576 161/101/589 160/100/586
f 164/100/599 165/101/602 167/99/609 166/102/606
f 161/103/588 157/104/575 158/105/579 163/106/595
f 167/107/608 165/108/601 163/109/594 158/110/578
f 156/122/572 21/121/172 27/120/196 159/119/582
f 160/118/585 25/117/186 21/116/171 156/115/571
f 162/128/592 28/127/199 25/126/185 160/125/584
f 164/130/598 26/129/191 28/127/198 162/128/591
f 166/114/605 22/113/177 26/111/190 164/112/597
f 159/119/581 27/120/195 22/124/176 166/123/604

# End of Object "shed1"
